version: 1
classification: evolutionary/derived
source: amo optimize params sweep
trial: 6
score: 3.986
params:
  context.max_units: 7
  context.relevance_weight: 4.025229003856071
  context.authority_weight: 1.2034943610669868
  context.token_cost_weight: 0.13237721042309447
  context.duplicate_penalty: 2.739408372556635
  context.graph_weight: 1.7015401544355067
  context.stale_penalty: 2.1537428121569278
  context.large_file_penalty: 0.6378796321624218
  graph.seed_top_k: 32
  graph.max_hops: 4
  graph.distance_decay: 0.8846831538867025
  graph.authority_boost: 1.9285556106012727
  graph.dedup_edges: false
  benchmark.min_token_reduction: 0.26488016649805246
  benchmark.min_precision: 0.24662750769398345
  benchmark.min_recall: 0.5613681341631508
  benchmark.required_truth: false
  optimizer.max_trials: 765
  optimizer.seed: 1840109255
  optimizer.min_improvement: 0.897822883602477
unscored:
- useful_context_per_token
- duplicated_context
- wrong_file_selection
- benchmark.file_selection_precision
- benchmark.file_selection_recall
